1606630699.158892,0
1606630699.261547,22
1606630699.364031,61
1606630699.466113,100
1606630699.568825,100
1606630699.672625,100
1606630699.778044,100
1606630699.881322,100
1606630699.983506,100
1606630700.085922,99
1606630700.189131,100
1606630700.291222,100
1606630700.394461,93
1606630700.496771,86
1606630700.599027,99
1606630700.701442,82
1606630700.804374,100
1606630700.907052,100
1606630701.009249,99
1606630701.111615,100
1606630701.214455,71
1606630701.316865,67
1606630701.419199,64
1606630701.521271,38
1606630701.623337,20
1606630701.726157,18
1606630701.828815,12
1606630701.931433,21
1606630702.033781,10
1606630702.136530,17
1606630702.238505,14
1606630702.340386,19
1606630702.443148,15
1606630702.545923,16
1606630702.647867,16
1606630702.749583,17
1606630702.852269,18
1606630702.954300,18
1606630703.056394,20
1606630703.159051,30
1606630703.260858,45
1606630703.362719,46
1606630703.464679,22
1606630703.566759,22
1606630703.668838,22
1606630703.770565,23
1606630703.873724,23
1606630703.976341,24
1606630704.078912,24
1606630704.184744,25
1606630704.286659,25
1606630704.388640,25
1606630704.490654,27
1606630704.592607,36
1606630704.694490,46
1606630704.796114,55
1606630704.898010,28
1606630705.000926,27
1606630705.103112,28
1606630705.205448,29
1606630705.307442,28
1606630705.409425,29
1606630705.511218,29
1606630705.614028,29
1606630705.716825,30
1606630705.851938,30
1606630705.954689,30
1606630706.057547,40
1606630706.159360,51
1606630706.261244,65
1606630706.363313,52
1606630706.465454,34
1606630706.567505,31
1606630706.669505,31
1606630706.772331,32
1606630706.874308,33
1606630706.976307,32
1606630707.078867,32
1606630707.181205,34
1606630707.283924,34
1606630707.386701,34
1606630707.488849,36
1606630707.590798,46
1606630707.693324,48
1606630707.795128,55
1606630707.896924,66
1606630707.999036,40
1606630708.101639,36
1606630708.203390,36
1606630708.305195,37
1606630708.408120,37
1606630708.510495,37
1606630708.612621,37
1606630708.714601,38
1606630708.817377,38
1606630708.919427,38
1606630709.021631,40
1606630709.123595,46
1606630709.226607,49
1606630709.329867,59
1606630709.431633,61
1606630709.533505,70
1606630709.635631,47
1606630709.737760,40
1606630709.839765,40
1606630709.942320,40
1606630710.044856,41
1606630710.147387,41
1606630710.249784,41
1606630710.352588,41
1606630710.454609,42
1606630710.556759,42
1606630710.658570,44
1606630710.760488,50
1606630710.863362,53
1606630710.965747,53
1606630711.068377,64
1606630711.170685,73
1606630711.273078,67
1606630711.375919,47
1606630711.478858,44
1606630711.581000,44
1606630711.683635,44
1606630711.785748,45
1606630711.887899,45
1606630711.989937,45
1606630712.092398,45
1606630712.195380,45
1606630712.297243,46
1606630712.399058,47
1606630712.500995,57
1606630712.603232,56
1606630712.704965,67
1606630712.807696,67
1606630712.909825,77
1606630713.011646,63
1606630713.114287,50
1606630713.216280,47
1606630713.318525,48
1606630713.420876,48
1606630713.525836,48
1606630713.627776,48
1606630713.730587,48
1606630713.832675,49
1606630713.934705,49
1606630714.037200,49
1606630714.140966,50
1606630714.243205,57
1606630714.345617,60
1606630714.447561,70
1606630714.550486,70
1606630714.654326,79
1606630714.756872,70
1606630714.859455,53
1606630714.962609,51
1606630715.065372,51
1606630715.168073,51
1606630715.270626,51
1606630715.373298,52
1606630715.475739,52
1606630715.578030,52
1606630715.680511,52
1606630715.783361,52
1606630715.886101,55
1606630715.988414,65
1606630716.090739,64
1606630716.193315,64
1606630716.296237,75
1606630716.398796,83
1606630716.500623,83
1606630716.603014,62
1606630716.704864,57
1606630716.806690,55
1606630716.910262,55
1606630717.013120,55
1606630717.115115,56
1606630717.217551,56
1606630717.320582,56
1606630717.422993,56
1606630717.525648,56
1606630717.629110,58
1606630717.731325,58
1606630717.833438,68
1606630717.935621,67
1606630718.038381,67
1606630718.142886,77
1606630718.245242,89
1606630718.347689,89
1606630718.450576,69
1606630718.552325,60
1606630718.654444,58
1606630718.756365,58
1606630718.858454,58
1606630718.960334,59
1606630719.062815,60
1606630719.165518,60
1606630719.273720,59
1606630719.375800,59
1606630719.479225,60
1606630719.582054,61
1606630719.685578,67
1606630719.788589,68
1606630719.898646,71
1606630720.001237,78
1606630720.103335,81
1606630720.205339,90
1606630720.307609,90
1606630720.409272,63
1606630720.511381,63
1606630720.613657,62
1606630720.715773,62
1606630720.818389,62
1606630720.922058,62
1606630721.023992,63
1606630721.125966,62
1606630721.228874,63
1606630721.331224,63
1606630721.433044,64
1606630721.535001,65
1606630721.637232,71
1606630721.739527,74
1606630721.841639,74
1606630721.944019,84
1606630722.046550,86
1606630722.149476,93
1606630722.252602,87
1606630722.354491,66
1606630722.457888,67
1606630722.559880,65
1606630722.662639,65
1606630722.765107,65
1606630722.867165,66
1606630722.971559,64
1606630723.073660,65
1606630723.175837,65
1606630723.278822,65
1606630723.381551,65
1606630723.484537,72
1606630723.590030,74
1606630723.692994,77
1606630723.797111,77
1606630723.899475,87
1606630724.001401,90
1606630724.106862,94
1606630724.209725,95
1606630724.311663,68
1606630724.413633,68
1606630724.515650,66
1606630724.618838,66
1606630724.721855,66
1606630724.824609,67
1606630724.927146,68
1606630725.029182,68
1606630725.131016,68
1606630725.232848,67
1606630725.334769,67
1606630725.437774,67
1606630725.540690,67
1606630725.642415,68
1606630725.745407,68
1606630725.848251,68
1606630725.950242,68
1606630726.052192,69
1606630726.154594,79
1606630726.257246,80
1606630726.359735,79
1606630726.462412,79
1606630726.564706,91
1606630726.666601,91
1606630726.768589,94
1606630726.870512,94
1606630726.973714,79
1606630727.076629,80
1606630727.179092,71
1606630727.281465,71
1606630727.385334,72
1606630727.487133,72
1606630727.589253,72
1606630727.692022,73
1606630727.793947,74
1606630727.896889,76
1606630727.999169,76
1606630728.101047,73
1606630728.205204,73
1606630728.307583,73
1606630728.409903,73
1606630728.511884,74
1606630728.614339,74
1606630728.716761,74
1606630728.818721,75
1606630728.921429,75
1606630729.023591,85
1606630729.126577,85
1606630729.228736,85
1606630729.330493,85
1606630729.433247,95
1606630729.535449,95
1606630729.637970,94
1606630729.740890,94
1606630729.842809,93
1606630729.944634,93
1606630730.047222,75
1606630730.149823,76
1606630730.252630,76
1606630730.354815,76
1606630730.457766,76
1606630730.559620,77
1606630730.661604,77
1606630730.764351,77
1606630730.866601,77
1606630730.969417,77
1606630731.071741,77
1606630731.174115,77
1606630731.277257,77
1606630731.379231,77
1606630731.481995,77
1606630731.584664,78
1606630731.686661,79
1606630731.788805,79
1606630731.890733,85
1606630731.992573,85
1606630732.095463,88
1606630732.199055,88
1606630732.302626,98
1606630732.404647,98
1606630732.507257,100
1606630732.609977,94
1606630732.711827,92
1606630732.813945,100
1606630732.915906,71
1606630733.017922,43
1606630733.119738,21
1606630733.221826,22
1606630733.332767,22
1606630733.434878,24
1606630733.537330,23
1606630733.639285,24
1606630733.741955,24
1606630733.844340,25
1606630733.946857,25
1606630734.049437,25
1606630734.152193,26
1606630734.254458,26
1606630734.364980,27
1606630734.468574,27
1606630734.571070,35
1606630734.672853,38
1606630734.774736,51
1606630734.877497,56
1606630734.980331,30
1606630735.082166,29
1606630735.184050,29
1606630735.286891,30
1606630735.388805,30
1606630735.490664,30
1606630735.592647,31
1606630735.694756,31
1606630735.797421,31
1606630735.900106,32
1606630736.008554,33
1606630736.111454,42
1606630736.213864,47
1606630736.315721,58
1606630736.417536,61
1606630736.519612,34
1606630736.622754,34
1606630736.724776,34
1606630736.826672,34
1606630736.928481,34
1606630737.030405,35
1606630737.132343,35
1606630737.234642,35
1606630737.336515,34
1606630737.438663,34
1606630737.540893,35
1606630737.643313,48
1606630737.745948,47
1606630737.848249,58
1606630737.950315,65
1606630738.052425,56
1606630738.155096,39
1606630738.257541,37
1606630738.360177,37
1606630738.461915,37
1606630738.563835,39
1606630738.665717,38
1606630738.767577,38
1606630738.869549,39
1606630738.971469,39
1606630739.073230,39
1606630739.175988,40
1606630739.278004,47
1606630739.381220,51
1606630739.484598,61
1606630739.586550,71
1606630739.688412,68
1606630739.790970,65
1606630739.892988,44
1606630739.994918,42
1606630740.097826,42
1606630740.200181,42
1606630740.302581,42
1606630740.405102,43
1606630740.507890,43
1606630740.610280,43
1606630740.712210,43
1606630740.814526,44
1606630740.916360,45
1606630741.020014,51
1606630741.122833,54
1606630741.225662,65
1606630741.327624,78
1606630741.430770,74
1606630741.532839,47
1606630741.634823,48
1606630741.737198,45
1606630741.839596,46
1606630741.942302,47
1606630742.044876,46
1606630742.146827,46
1606630742.248708,47
1606630742.351566,48
1606630742.454070,48
1606630742.556699,49
1606630742.659189,55
1606630742.761879,56
1606630742.863702,59
1606630742.965496,69
1606630743.067240,82
1606630743.169939,78
1606630743.272408,51
1606630743.375079,52
1606630743.477765,50
1606630743.579741,50
1606630743.682150,50
1606630743.783967,50
1606630743.886467,50
1606630743.989316,51
1606630744.091698,50
1606630744.194182,50
1606630744.296627,52
1606630744.399506,62
1606630744.501479,62
1606630744.603907,62
1606630744.705699,72
1606630744.808633,81
1606630744.910673,81
1606630745.019331,64
1606630745.122039,55
1606630745.224797,52
1606630745.326940,52
1606630745.428888,52
1606630745.530801,53
1606630745.632832,53
1606630745.735592,53
1606630745.837475,53
1606630745.940361,53
1606630746.042387,54
1606630746.144334,55
1606630746.246987,65
1606630746.349784,64
1606630746.451718,68
1606630746.554787,76
1606630746.657363,85
1606630746.760899,85
1606630746.863292,58
1606630746.966001,57
1606630747.067964,56
1606630747.171055,57
1606630747.272859,57
1606630747.374893,58
1606630747.477850,58
1606630747.579785,57
1606630747.681396,57
1606630747.783279,58
1606630747.886205,60
1606630747.990265,65
1606630748.092973,65
1606630748.194805,68
1606630748.297269,72
1606630748.399156,80
1606630748.501031,92
1606630748.604099,88
1606630748.706207,73
1606630748.811991,61
1606630748.914951,59
1606630749.017756,58
1606630749.119697,59
1606630749.222796,60
1606630749.325534,60
1606630749.428802,59
1606630749.530961,59
1606630749.633145,59
1606630749.735355,60
1606630749.837425,61
1606630749.939332,71
1606630750.041482,70
1606630750.143503,71
1606630750.246249,82
1606630750.348384,83
1606630750.457378,91
1606630750.562884,90
1606630750.664865,64
1606630750.766778,64
1606630750.869454,62
1606630750.971612,62
1606630751.074714,62
1606630751.176786,62
1606630751.279588,62
1606630751.381477,62
1606630751.483703,63
1606630751.585761,63
1606630751.687731,65
1606630751.790071,75
1606630751.892586,75
1606630751.995081,74
1606630752.097539,75
1606630752.199450,85
1606630752.301987,92
1606630752.404315,94
1606630752.506267,85
1606630752.608355,68
1606630752.710255,68
1606630752.812186,65
1606630752.914321,65
1606630753.016352,65
1606630753.119400,66
1606630753.222202,66
1606630753.325033,66
1606630753.427892,66
1606630753.530462,66
1606630753.633031,67
1606630753.735671,74
1606630753.837820,74
1606630753.939344,78
1606630754.041030,78
1606630754.143926,88
1606630754.246696,88
1606630754.349605,95
1606630754.453559,94
1606630754.555402,74
1606630754.657379,70
1606630754.760292,69
1606630754.862333,70
1606630754.965298,70
1606630755.067294,70
1606630755.169945,69
1606630755.271981,70
1606630755.373965,70
1606630755.477264,69
1606630755.579549,69
1606630755.681505,69
1606630755.784753,69
1606630755.886820,69
1606630755.989517,70
1606630756.093791,70
1606630756.196679,71
1606630756.298526,71
1606630756.400369,78
1606630756.503052,78
1606630756.606034,80
1606630756.716369,80
1606630756.818857,92
1606630756.921424,99
1606630757.024855,93
1606630757.126960,93
1606630757.229633,79
1606630757.332379,80
1606630757.434097,72
1606630757.536551,71
1606630757.638573,71
1606630757.740716,71
1606630757.842627,72
1606630757.945523,73
1606630758.048337,73
1606630758.150577,73
1606630758.253614,72
1606630758.355599,72
1606630758.458370,72
1606630758.561132,72
1606630758.663511,73
1606630758.765551,73
1606630758.867605,73
1606630758.970032,73
1606630759.072841,75
1606630759.174669,85
1606630759.276790,85
1606630759.379176,85
1606630759.482119,85
1606630759.584088,97
1606630759.685804,97
1606630759.788388,100
1606630759.890865,94
1606630759.993632,94
1606630760.096044,92
1606630760.197990,91
1606630760.300252,76
1606630760.403095,76
1606630760.506420,76
1606630760.608848,39
1606630760.710699,7
1606630760.816189,0
1606630760.919683,0
1606630761.023073,0
1606630761.125105,0
1606630761.227363,0
1606630761.330779,0
1606630761.432837,0
1606630761.534794,0
1606630761.636875,0
